15 15 200 8
S 0 T2 0 F1 0 T3 0 F1 0 T2 0 F1 0 G
0 -1 0 -1 0 -1 0 -1 0 -1 0 -1 0 -1 0
T3 0 F1 0 T2 0 F1 0 T3 0 F1 0 T2 0 S1
0 -1 0 -1 0 -1 0 -1 0 -1 0 -1 0 -1 0
F1 0 T2 0 F1 0 T3 0 F1 0 T2 0 F1 0 G1
0 -1 0 -1 0 -1 0 -1 0 -1 0 -1 0 -1 0
T2 0 F1 0 T3 0 F1 0 T2 0 F1 0 T3 0 S2
0 -1 0 -1 0 -1 0 -1 0 -1 0 -1 0 -1 0
F1 0 T3 0 F1 0 T2 0 F1 0 T3 0 F1 0 G2
0 -1 0 -1 0 -1 0 -1 0 -1 0 -1 0 -1 0
T3 0 F1 0 T2 0 F1 0 T3 0 F1 0 T2 0 S3
0 -1 0 -1 0 -1 0 -1 0 -1 0 -1 0 -1 0
F1 0 T2 0 F1 0 T3 0 F1 0 T2 0 F1 0 G3
0 -1 0 -1 0 -1 0 -1 0 -1 0 -1 0 -1 0
S4 0 S5 0 S6 0 S7 0 S8 0 S9 0 G4 0 G5